[gd_scene load_steps=10 format=2]

[ext_resource path="res://Scripts/Game_World.gd" type="Script" id=1]
[ext_resource path="res://Scripts/Scenen/Ingame/WorldLoader.gd" type="Script" id=2]
[ext_resource path="res://Scripts/Scenen/Ingame/ActorLoader.gd" type="Script" id=3]
[ext_resource path="res://Scripts/Scenen/Ingame/VillageLoader.gd" type="Script" id=4]
[ext_resource path="res://User_Interface/Camera/CameraAnchor.gd" type="Script" id=5]
[ext_resource path="res://User_Interface/Camera/CameraRay.gd" type="Script" id=6]
[ext_resource path="res://Scripts/Scenen/Ingame/VillageManager.gd" type="Script" id=7]
[ext_resource path="res://Scripts/Scenen/Ingame/BuldingLoader.gd" type="Script" id=8]
[ext_resource path="res://testEnvironment.tres" type="Environment" id=13]

[node name="GameWorld" type="Spatial"]
transform = Transform( 1, 0, 0, 0, 1, 0, 0, 0, 1, -0.213545, 0.127027, 0.2321 )
script = ExtResource( 1 )

[node name="WorldLoader" type="Spatial" parent="."]
script = ExtResource( 2 )

[node name="ActorLoader" type="Spatial" parent="WorldLoader"]
script = ExtResource( 3 )

[node name="VillageLoader" type="Spatial" parent="WorldLoader"]
script = ExtResource( 4 )

[node name="BuldingLoader" type="Spatial" parent="WorldLoader/VillageLoader"]
script = ExtResource( 8 )

[node name="VillageManager" type="Spatial" parent="."]
script = ExtResource( 7 )

[node name="WorldEnvironment" type="WorldEnvironment" parent="."]
environment = ExtResource( 13 )

[node name="DirectionalLight" type="DirectionalLight" parent="."]
transform = Transform( 0.767905, 0.456645, -0.449218, -0.00222139, 0.70318, 0.711008, 0.64056, -0.544989, 0.54099, 0.470375, 3.8147e-06, -0.54776 )
light_energy = 0.3
light_indirect_energy = 2.03
light_specular = 0.33
shadow_enabled = true
shadow_bias = 0.72
shadow_contact = 0.21

[node name="CameraAnchor" type="Spatial" parent="."]
transform = Transform( -0.766044, -0.00165806, -0.642787, -0.00127015, 0.999999, -0.00106578, 0.642788, -1.74623e-10, -0.766044, 3.47333, 30.6842, 26.1342 )
script = ExtResource( 5 )

[node name="CameraRay" type="RayCast" parent="CameraAnchor"]
transform = Transform( 1, 0, -5.82076e-11, -1.16415e-10, 1, 9.65117e-14, -7.70737e-11, 0, 1, -1.90735e-06, -0.0589237, -0.0121918 )
enabled = true
cast_to = Vector3( 0, -10, 0 )
script = ExtResource( 6 )

[node name="PlayerCamera" type="Camera" parent="CameraAnchor"]
transform = Transform( 1, 0, 0, 0, 0.573576, 0.819152, 0, -0.819152, 0.573576, 0, 0, 0 )
far = 8192.0
